97179
127488
205648
375645
564799
810566
1237813
1677009
1958491
2022987
2066392
119893
350981
373002
376802
380051
495152
600888
693193
794635
876047
1130524
1153914
1223980
1228236
1403425
1406002
1426458
1504137
1558304
1568822
1717432
1978080
330316
354464
491709
540915
675127
728862
837246
1143798
1266628
1279323
1335578
1572050
1633949
1648599
1697946
1727790
1769407
1825362
1874693
1877812
1884139
217611
262810
442389
485673
631108
675852
740384
841566
868666
926242
1033256
1050556
1077851
1142617
1342363
1367694
1546277
1558560
1813288
1816067
2006404
193534
222891
249561
296628
344781
369128
636133
736763
992809
1045198
1147348
1287320
1327757
1508245
1559323
1560989
1667961
1805609
1935858
67763
188330
346916
460479
479735
514876
574298
790653
1103105
1259467
1482242
1491004
1594203
1625848
1782038
1980883
2055870
79885
85341
86962
643841
739414
780419
822852
989916
1096759
1124769
1228578
1312575
1354753
1403404
1423366
1520237
1528046
1558110
1659603
1681460
1941950
2063729
54295
66629
234382
260272
276262
314285
316808
492138
510561
674680
706304
726213
776397
806090
870898
1219485
1392443
1412706
1534914
1547461
1783898
1900340
1903348
2030520
2030908
2051301
5325
8782
23581
215078
288259
541720
937134
1272632
1628932
1657653
1661676
1797462
2032788
2044441
277139
342208
387937
896657
1095395
1353322
1616244
1810681
1901525
1903644
1940022
105422
240803
421575
442058
450380
787709
791892
1163827
1186154
1267359
1791821
1793093
1811730
1838586
1911625
1954740
61554
279648
393730
533460
625405
1031825
1168306
1210452
1740355
1830052
1886291
12616
25462
295620
419667
426453
446834
462323
531731
562594
783792
798531
840108
957836
1073648
1377619
1737518
1797642
1900034
1941298
1963700
65923
281690
284738
325130
389996
432253
680775
704451
833851
877632
1247392
1294188
1460835
1665737
1838398
1873554
2035313
40022
62244
88472
214261
359273
1245988
1374482
1528573
1840829
1854644
2066434
389769
611305
732911
815129
1039013
1103691
1176751
1464706
1476670
1597290
1629960
1678252
1777067
1894542
1896317
1910946
1948230
2044471
2051529
46199
164258
281895
462849
504607
624789
634800
891170
919645
1196681
1215809
1307015
1318640
1336288
1384249
1482042
1529800
1540640
1730016
1750541
1802472
1856336
2022084
2043436
256574
452954
528162
923009
933808
1060151
1061250
1065566
1270939
1410100
1433956
1568501
1607004
1973573
60232
213264
318039
389204
532402
744649
1007773
1138043
1239741
1625176
1637622
1741287
1765067
131871
308756
647948
947778
1294193
1336537
1537028
1688242
1698238
1731926
2016958
16883
523494
792957
1017245
1020803
1257872
1353225
1476546
1516334
25197
139536
235631
360222
403938
453481
641853
674686
681696
772811
905196
1083874
1310464
1433066
1559590
1617753
1962929
2003108
38026
630591
734563
1186483
1367868
1368636
1575217
1686821
1780780
1852269
1937442
599021
658923
679137
748399
753889
916870
1178693
1285390
1299452
1370576
1417728
1445695
1469554
1521844
1575831
1589432
1889289
1956242
133547
295614
315079
553218
582296
869890
904803
1002567
1219964
1605316
263430
379289
430253
560879
627649
658183
667140
754166
990378
1198204
1373216
1496236
1526249
1909625
12268
68858
91255
133515
260205
447945
610073
659846
836810
852501
907957
916661
983586
1090219
1224986
1255427
1294635
1526586
1574651
1670500
1908237
1980814
128906
253606
413747
482564
624474
779417
781219
1111401
1301801
1388849
1393435
1492503
1581542
1613890
1634746
1651477
1738231
1840452
1876108
1911442
1972053
258459
372219
829370
1142317
1354861
1387206
1488323
1658404
1693304
1794967
1873158
126216
301003
336545
386638
595680
1009540
1029296
1080344
1128706
1253530
1263787
1284849
1369421
1418412
1424670
1706519
1967252
2066018
41898
99671
263626
272954
474337
519277
776668
800225
1012130
1160629
1172733
1579929
1593274
1620451
21620
34433
206583
230412
362424
395580
705991
724569
1067222
1127583
1258494
1263047
1312741
1419837
1871480
1944417
2027314
78711
221718
286693
311641
387609
662325
887621
1240265
1360367
1441448
1524884
1811406
41437
104799
122941
249920
349478
484620
589056
670253
832710
862985
925644
948682
1162700
1413172
1558326
1681906
1710630
2034060
4267
111713
113878
192839
255240
274171
305251
305412
477796
568543
662008
1005381
1025152
1186850
1213331
1498162
1694248
1738193
1878710
2001511
2045066
109696
169971
195955
199740
208733
236535
243793
309806
622540
791921
840434
846216
1120927
1131142
1231989
1292618
1448101
1586311
1841036
1979050
173514
247531
261377
295239
413390
438303
548429
850008
908253
934642
1033189
1050603
1139899
1194586
1271772
1353912
1401170
1463374
1540231
1551531
1634989
1977811
1991932
1994913
246455
526365
613036
863065
1140742
1284954
1424818
1465151
1645317
1874706
1886043
2000223
2019181
9633
87030
271589
307142
396976
439979
787602
870933
962581
1173108
1188122
1189314
1205630
1207273
1249824
1401980
1499445
1543851
1554651
1833629
1835859
1956878
135753
380632
641257
698699
738659
871507
1194943
1590019
1686337
1901643
2042920
2730
3845
253079
616436
860311
909839
949576
1164198
1201227
1291730
1581155
1711617
1797713
1955515
103229
159428
411243
433551
443639
480742
755380
802897
846679
1034514
1039488
1192946
1287896
1462985
1535524
1593946
1644518
1687123
1714414
1744594
1784103
1985011
2012725
154808
321419
434148
442150
490571
545548
923523
989599
1292501
1464609
1566893
1757001
2009035
2058079
175349
204032
246137
432558
610960
716204
831614
1094310
1190536
1224400
1260182
1341208
1524894
1612895
1694111
1703067
1840988
1913676
2426
172265
231939
371763
381668
405448
535846
571861
615468
895787
945973
953425
1178307
1209674
1389521
1564333
1585503
1595907
1942778
1989166
93783
387925
406758
742991
921683
1023555
1200177
1291474
1337540
1356345
1389938
1530581
1574225
1851640
1854607
1920483
2061781
254792
411054
569138
594144
629421
672631
839096
1003640
1122224
1277965
1398949
1501705
1541567
1806235
1848523
46145
56319
58027
178534
305337
322467
391518
424656
440217
506905
531732
584555
708224
736544
737637
740625
766038
1169135
1260844
1299729
1360561
1388182
1818085
1837956
43594
64496
295116
784948
928664
1027389
1147266
1195344
1207876
1280937
1426140
1618244
1699233
1701424
1761099
1825789
449278
479686
521162
549079
732144
780373
789115
791534
835547
882565
1092827
1289292
1342536
1388140
1495172
1500320
1727624
1899618
1934458
1937626
2017252
134
41804
66217
236583
257736
398214
442362
682736
683208
781061
791894
879831
968497
1003322
1553994
1599743
1794664
1811238
1983941
2042289
728
269986
295645
498861
603962
617098
633345
653868
849118
1135623
1177621
1557897
1702351
1764489
1773663
1809039
1938877
1995057
435288
667120
775357
859115
870244
899422
943350
1002017
1696951
1871607
1910923
1959101
2017918
11557
15702
203558
231950
242169
246900
306513
514143
599728
839161
1000615
1045536
1320175
1446249
1508552
1510520
1601928
1651350
2048655
2055167
36609
83989
279762
296185
305507
480666
719597
1023259
1101062
1259969
1452882
1666399
1909241
74042
197262
470316
578442
619636
835753
1415247
1450226
1469815
1536666
1576620
1760993
1855444
1879199
187084
219142
373762
714775
904710
945610
1072806
1239628
1278526
1393915
1516832
1581470
1719316
1720523
1812426
1829266
1860861
2022
158368
167275
345166
488010
535595
673416
854668
1167251
1202144
1269204
1337346
1417088
1421372
1791112
1805177
121842
129383
176487
192002
253457
315843
418772
426422
616771
626377
660579
927572
1293107
1389380
1405421
1408354
1422012
1575334
1643186
1765556
1960937
2039460
52119
126478
175594
293108
442271
514363
543124
556917
1116835
1296999
1355097
1567972
1783844
1815800
1831309
1836133
1845462
1883079
2027100
175608
182351
219917
235713
413677
420072
555519
606383
1000999
1128436
1147838
1182420
1387024
1459593
1516574
1542131
1587779
1633651
1856255
1860289
1865201
4424
191619
222939
323381
364187
591935
605871
689827
708568
861405
966850
1052420
1169398
1259376
1269074
1413180
1485198
2052875
468105
819903
985324
986276
1139325
1250564
1294203
1389645
1457959
1581009
1625973
1674123
1743850
1841164
1964071
1974238
2026139
159464
194862
296766
503272
517107
589439
782519
823047
869866
983425
1001567
1030470
1212327
1481393
1570120
1582262
1584407
1993252
2016970
127422
268051
372771
490393
576109
854401
945536
1112585
1129192
1151779
1395335
1779556
1872833
1987548
1993578
280551
574176
761114
774082
777685
1082496
1108938
1121213
1219259
1331922
1571693
1870453
1888625
2024854
12731
121898
146710
358225
373905
399202
1058309
1089604
1190229
1211660
1494430
1542861
1690187
1718068
1752929
1772710
1855368
34722
113090
126713
175960
202886
414985
476017
634464
688331
786133
934419
956044
962557
1104661
1191367
1466738
1602214
1616476
1913620
30489
55940
84997
471782
646032
688915
690634
744691
972585
991824
1088943
1310882
1365653
1547281
1571460
1888821
1966242
1972202
326878
415974
497330
562399
643670
647128
672620
749452
1064942
1072885
1079821
1352134
1398625
1441907
1448552
1514760
1514947
1588623
1808187
1816370
1918234
1952014
1976212
2029463
6202
66270
435668
534514
561260
678103
865139
1113160
1296219
1366290
1369870
1555214
1732851
300140
318287
407015
564006
604005
880910
991224
1073345
1082876
1102517
1135483
1172752
1268987
1327198
1495558
1961162
71687
78743
114078
284869
353925
363640
420251
559990
655825
862406
1056381
1067498
1135342
1166820
1252648
1458743
1618827
1681846
1750798
1965817
2007232
2016101
6644
249770
295205
412407
505420
538537
631192
708991
803692
910943
1174769
1183665
1269777
1316238
1508199
1753156
2019268
2031912
197814
230723
882745
895922
912642
975714
1065830
1078025
1152367
1378056
1387338
1491184
1738812
1788506
1879547
1995740
102761
430044
532684
584548
599689
660604
909975
1199928
1777184
1831749
7428
90971
277199
323411
561441
822245
833189
916443
961724
1080306
1251362
1472313
1605010
1642473
1826456
72542
77230
93207
112398
119904
145638
194401
412426
665781
683258
937385
954344
1283069
1452542
1636376
1754281
1881796
162597
212425
343718
423041
462307
551088
1052763
1179815
1215632
1468065
1495955
1598383
1629440
1765649
1863492
2053387
30615
323113
354407
478380
687497
773704
930412
960147
1068840
1075483
1151217
1204440
1537939
1770235
1795489
1841889
1865429
2062472
398840
696579
715876
984327
1038935
1222178
1556517
1970739
2060537
105933
305689
321163
369817
426772
501604
553254
558091
631449
742112
846514
924971
1507608
1561007
1620926
1642881
1660343
1841647
1872433
11469
19429
210166
213762
248609
529477
637514
808033
898182
904982
948248
1103828
1140873
1201495
1210722
1315523
1339801
1396921
1481768
1556246
1740537
1860373
7004
29149
118265
258183
392309
440735
547268
554302
1114230
1343198
1491157
1606736
1651469
1666615
1827473
1921133
1958034
10653
65714
76174
319373
344273
389928
437627
438251
682230
834339
1005771
1107799
1123603
1341762
1348616
1359878
1871989
154784
161426
165267
292971
394979
627504
810891
845594
852557
1278022
1435197
1472903
1485980
1497830
1526641
1579076
1660992
1759826
1972058
125688
142939
240619
350670
609829
1031932
1082662
1276768
1340240
1532660
1533238
1672146
1708172
101920
366170
411907
622785
682307
767099
768107
780087
1174538
1402316
1448115
1604968
1637054
1721604
1892382
2010199
102766
270111
342758
413599
730249
735865
1023759
1036483
1259889
1402773
1493680
1504185
1760557
1807384
1960515
2056960
53040
117170
140885
332234
462390
474024
544920
590030
732852
750866
776463
970188
1033609
1048381
1390522
1531110
1537904
1581205
1804714
1811199
1888611
1962573
57858
142330
166329
243701
277826
495869
556841
882190
1043930
1458941
1624773
1678081
1752370
1802960
1970563
1976193
1984014
1989274
2004580
186865
201369
205209
350445
407096
447602
553907
776909
919101
1017272
1115888
1356633
1433185
1924353
38874
62609
232155
293351
341138
352833
863628
1231530
1291900
1311744
1617714
1740833
431768
733884
884538
926155
993534
1321173
1434465
1621616
1687164
1864115
2033029
279681
280107
478266
522075
554428
599456
611752
880254
1116134
1207152
1241236
1635203
1841222
1881911
1925265
1952797
160398
192164
320566
365106
373120
409120
575150
826646
908225
984385
1119680
1192832
1381105
1699093
1749828
1867338
1903730
2045338
2047767
165977
282426
510920
693626
866912
934131
970102
1037939
1131350
1171716
1259615
1291782
1291968
1465100
1508530
1670976
1716350
1775322
1935854
2012745
170369
368636
647855
843426
858657
909758
954892
999329
1008895
1085507
1357326
1440520
1589460
1689420
1826021
1935988
1941616
9060
27011
481408
571058
610865
869202
898471
1235078
1417735
1422233
1465060
1577700
1739643
2066119
176063
618084
629639
787096
937818
1408637
1414490
1434089
1473824
1556390
1626753
1827972
1918297
2004281
79551
110964
139951
182334
482827
573238
585656
1479022
1653013
1754070
1785349
1888808
1921377
1972687
2031422
137266
229638
289325
370765
422861
427561
669540
844538
949885
1005021
1101243
1146280
1284397
1565427
1601218
1625718
1662709
1686234
1689769
1692995
1697602
1815102
21978
48372
92190
382627
641680
845592
890952
926667
972731
1195695
1406692
1505760
1675863
1942322
176972
179569
183568
202342
796122
833423
879051
934917
960448
1030539
1228861
1250313
1303748
1425964
1456564
1847932
316768
377540
416444
441040
488161
517147
597437
604233
812970
910360
1047042
1087175
1112780
1383999
1581529
1601070
1632682
1652545
1904157
14208
25901
138294
187659
425048
662084
808295
863330
925132
932433
1037855
1158517
1412201
1525514
65716
161725
202506
290711
333800
449388
535847
782388
922912
1079233
1106220
1186386
1189401
1270709
1527772
1572508
1776781
3496
196741
252611
330321
547153
786101
987506
1047581
1297607
1351358
1379640
1448631
1497666
1529621
1628725
1682578
1726176
1739418
1866838
1933127
1964439
2040775
81459
96286
105803
353430
489527
498408
542353
548502
715194
764827
1014056
1567591
1691026
1756585
1781807
1824302
1914362
1954832
2026933
68094
346586
789233
848028
1034559
1042619
1156502
1205328
1248242
1426255
293505
314318
343806
354210
376765
481214
578605
640346
778154
908000
919322
925638
1004476
1208764
1214397
1537559
1782275
1910098
155678
172879
469984
541868
609615
651223
870763
918315
918836
920842
1010598
1237059
1346608
1427997
1463146
1489647
1569093
1604087
1681350
1781805
1918271
1934065
1995511
33965
306185
366838
792114
949092
1100756
1312716
1765849
1979810
171430
188875
265481
349191
411743
558788
565465
985555
1128274
1177364
1190740
1317922
51275
223259
395200
426903
488184
649445
689715
912517
944264
973168
1062274
1085835
1089018
1168434
1288249
1539825
1646571
1676604
1707692
1724541
1789523
1864864
1987722
2056981
22110
96163
137028
453072
682425
708639
844485
1120848
1170030
1346398
1430747
1438258
1485618
1508776
1624302
1847432
1951654
1951982
83600
162612
229352
406362
587232
595137
766219
784869
1008869
1145714
1221921
1280193
1358736
1857142
1965383
1996860
135816
319669
507345
739883
821538
1210883
1216684
1291201
1460272
1548438
1713707
1812717
1967041
2004137
2037875
112264
223708
286879
592928
910064
979794
1195211
1205852
1309893
1467763
1478469
1550350
1797163
1879445
1977198
41368
94110
180877
288813
411952
412226
447035
529769
570511
612217
878664
971739
1094067
1094564
1136884
1443416
1476892
1518338
1546869
1647821
1669005
2037040
62806
211671
296595
576942
601424
701816
714331
784612
822291
834120
1231991
1271483
1280747
1442819
1538601
1577716
2070249
37175
67802
211057
220797
282451
379256
417286
808849
1140383
1267137
1270275
1300644
1600808
1615816
1919266
1949002
64201
229877
575338
765705
784766
914862
993441
995867
1037788
1055560
1094220
1235611
1723655
1760147
1878218
294271
574119
595419
650933
670394
1040865
1276098
1400245
1454456
1700980
1737175
1766512
1893544
1978537
213085
226684
314330
373603
425127
577835
608333
657503
823967
871923
929171
1033676
1226347
1288906
1535576
1581460
1665193
1761107
1808250
1961322
1976469
47230
101904
395104
481052
485052
585097
851832
935711
1041732
1314887
1494640
1687937
1762564
1776951
1955561
2008215
109801
121068
163069
447520
509101
517810
530889
587315
803966
827973
1069797
1177009
1212597
1361516
1391450
1577357
2041134
138401
148372
250719
348314
353601
581812
841608
891004
958814
960170
1014830
1207685
1376768
1737498
1970106
472447
529797
624809
694825
710751
1030670
1064142
1176851
1263103
1317944
1468330
1728289
27128
185092
311461
333772
647549
739972
1089316
1159141
1289934
1310516
1389797
1451753
1507138
2020181
2068723
7086
124910
133165
246717
599244
781115
866910
922064
999929
1127568
1139461
1365499
1370987
1988771
2000508
2019104
2045406
63476
73953
96953
98176
273216
493744
729637
776229
819822
857523
1150628
1338374
1548827
1680674
1761829
1883346
1884445
1926434
2067750
2070482
82416
310946
408038
613288
863851
931674
1083734
1107516
1189488
1342101
1466607
1718192
1728489
1772474
1799337
1865518
1969124
2005170
2018689
447593
518216
562631
630450
659859
723943
830093
1134450
1313747
1603607
1976358
170314
394590
539739
566432
893309
961875
1191836
2070341
103307
243923
605332
671012
693974
706319
894201
1039787
1125348
1251393
1330754
1551920
1635468
1766414
1834286
1941883
30999
52821
81084
87652
198629
269172
462259
533953
611030
1002621
1096587
1101023
1217329
1327658
1708102
1837667
1868471
1880902
1897610
1902560
1934445
29723
318707
320747
688406
694074
755207
787929
810434
1127802
1229227
1297439
1478310
1490325
1525138
1578425
1854633
2059390
61283
326668
412973
471383
577438
706235
807979
1064540
1217096
1328212
1416812
1487791
1572413
1584922
1729857
1809119
1876943
2028601
125509
182427
234576
242401
265327
287671
293519
517690
623339
1050287
1083031
1280096
1331686
1448629
1530431
1638127
1665273
1836774
1935477
133618
215900
377790
387489
496775
511832
527749
554224
784723
1240659
1280121
1372461
1949757
2032980
389899
527779
582503
594083
687558
719109
1089636
1280794
1391194
1464947
1598858
1619203
1928715
1973259
1994996
19499
41158
130484
152175
258122
475230
777387
1005946
1126523
1159394
1186937
1457612
1475183
1484280
1647460
1736878
1899161
31620
97182
111249
404214
606069
813344
827215
854143
903038
1019785
1425266
1451579
1566349
1601147
1620467
1695432
14506
47062
103196
246038
380209
617966
704294
911179
929605
1093642
1229419
1275137
1286490
1333506
1352393
1426295
1625610
1656773
1668250
1673070
1890793
1902921
1992494
8660
255852
407470
705736
814682
940056
1086072
1194814
1309474
1365935
1451986
1673912
1761549
1854276
1857120
406786
443120
580245
808298
919745
977364
1058852
1061344
1131562
1143039
1403276
1515331
1563501
1657434
1693183
1789220
1937758
1941182
1946385
2015846
18924
228218
323139
358810
537085
662728
954726
961864
1042469
1082566
1088845
1247783
1264041
1275799
1329407
1362595
1565130
1572317
1895070
1997129
2026327
2066882
11158
259091
324649
445073
546579
557956
575891
1446658
1525977
1578654
1740948
2015074
2053114
246227
289461
300334
344733
453541
503330
632400
679777
694601
696416
720816
1040730
1146855
1170260
1188842
1358626
1413718
1567297
1800537
1871165
1961314
2021710
184946
197104
230226
344026
361549
394514
401685
422292
554535
717636
777491
1676337
1757243
25727
52211
471301
514913
707670
931210
1128485
1273084
1413588
1454638
1547357
1556574
1695184
1778350
1870864
319389
486578
536113
548950
613089
1059458
1135520
1415055
1456074
1657950
1669523
1705560
1771625
1904861
2068740
112324
248364
282378
722080
805440
857539
893705
951169
957118
1151082
1239644
1401758
1419753
1430872
1563904
1612174
1641406
1766384
1807096
123077
139137
178986
203712
390897
618656
697814
787110
935301
1075122
1125447
1460762
1483515
1547263
1583012
1795410
1918262
1941369
1958043
1960642
2040208
229358
280156
282665
437789
444175
555298
615805
703422
707519
780133
1368067
1436902
1480900
1566181
1604046
1753005
1759096
1870715
1912932
26523
71559
109520
135609
293510
341139
349677
407853
548987
597923
672192
724460
913750
1152497
1282368
1350538
1422170
1527400
1939049
2041778
159778
295543
654682
687047
775426
854848
862226
918025
1133305
1347775
1354645
1631405
1791173
1882426
1957480
1961755
2050178
2056402
95768
118247
145379
170988
277931
287676
485417
686999
897807
904779
910420
954532
1052447
1061811
1226709
1291098
1336377
1449807
1538409
1845532
1904144
1924355
1967698
2053920
304736
487702
531219
589429
672676
723645
1058294
1104561
1210873
1293534
1316175
1589350
1669921
1778804
1783169
1916079
3353
25732
47169
324125
487019
495495
543790
620970
660377
663902
693914
887375
977163
1127875
1145600
1202998
1287281
1304340
1332156
1421289
1606018
1732491
1766268
1904198
2012076
2025684
70019
71583
107388
161363
234950
281459
347362
482069
488626
505394
586739
593598
858824
869377
924337
1074332
1370414
1390870
1447168
1544842
1568029
1664078
1940185
9417
37735
119540
164268
427806
473088
567000
569440
981213
1014791
1310858
1396852
1507448
1721960
1794800
1844146
2004326
2047192
33959
133302
237100
293954
565314
694421
700803
770148
773499
804526
1139855
1476430
1534305
1792351
1944106
15560
125721
258009
373205
450358
535365
885038
1000604
1332520
1501284
1852365
1874413
43051
127200
479318
835048
841641
1106671
1296888
1306686
1579170
1679313
1905849
1975952
1982701
243585
345954
373680
493130
867809
936774
969052
1070053
1085680
1211305
1436983
1564955
1633957
1635534
1687511
1761087
1855258
1913784
20973
122880
124751
150510
357591
558085
649104
708206
709834
719323
801163
850957
907175
963339
1337514
1949603
1953725
1962987
210633
603024
822117
829085
874513
1017238
1080784
1083144
1130534
1226488
1396580
1418569
1436201
1528169
1536121
1588483
1683115
1938788
204314
498966
573127
682889
713062
716386
1028450
1071631
1141009
1326549
1495491
1751952
1803903
1875571
1907666
1921068
2045759
257592
285823
353379
359718
556245
586845
761790
922821
938495
1016319
1039415
1116169
1147219
1235742
1329395
1407317
1408197
1490050
1522853
1567638
1884295
435276
702040
725048
872068
890916
1025219
1218443
1389761
1399148
1427280
1555737
1668942
1800589
1827244
1856516
1885069
1921425
113679
249744
258751
321584
361472
480910
611072
795712
796808
883661
906721
918530
1009784
1200699
1208717
1257973
1284220
1399886
1445201
1807180
1854105
1867793
1955346
441828
492870
552654
742570
879612
898455
913936
936650
1051444
1211284
1243869
1851673
1862010
1873585
2054581
962
77051
151488
224502
264546
482963
700152
1151696
1290402
1335424
1480075
1529903
1674516
1734761
1743892
1886612
2000603
2009741
2019575
284403
402506
656610
683345
683648
821078
904682
977006
1273092
1493903
1511371
1522674
1546625
1655433
1669654
1760447
1827100
1973367
1988426
2044717
277274
291327
476133
491195
522704
596926
651549
713948
777574
790315
911438
974708
1112778
1175877
1693355
1936263
2062981
129828
140224
153168
409327
416343
585631
644391
683469
766621
879857
958940
959505
975679
1001044
1049661
1212246
1235417
1414605
1464494
1547946
1581400
1598097
1879733
1960988
2013776
5624
22815
44732
248316
266801
463971
770971
840725
1066191
1207018
1225754
1468059
1678576
1719929
1834086
1912855
2057446
16265
35938
88960
221544
278254
328806
400496
449868
639895
732784
896462
1158976
1186399
1223041
1323187
1340443
1375829
1512807
1659628
1806298
2033874
91186
249606
555473
621155
712065
724519
826946
958643
1111038
1168042
1251057
1254325
1368949
20727
52560
384468
998468
1022029
1104306
1106904
1184534
1203379
1261012
1365052
1366824
1487961
1567028
1700682
2012568
2031855
2043141
5079
209132
760635
1325714
1828562
1901779
1979730
1999498
10086
361437
451091
590467
637985
947084
1102911
1198445
1367835
1673097
85537
93249
416701
733713
747313
833890
1188029
1269229
1367649
1398386
1427754
1569568
1572426
1644855
1839892
1902196
1905975
275445
331205
445011
580411
639191
749083
885367
940602
1162253
1278619
1383173
1619839
1638056
1676188
1683150
1731968
1833278
1963461
2048780
36190
276753
325713
777934
809240
896749
950283
1036191
1113215
1277166
1379551
1473845
1658717
1889372
1945432
56044
593572
637990
750781
953896
1013231
1075711
1473936
1623071
1643982
1783698
1812339
1915797
131127
178140
213215
258303
285503
400479
437980
466345
585277
731398
862973
1209439
1450795
1511551
1596792
1656332
1681093
1726406
1786608
122526
265462
421326
491240
583562
743742
753842
796821
797481
942683
1118417
1245492
1425041
1494654
1996970
2044444
77258
117996
121897
258761
300507
438995
540031
584698
960134
986673
1037710
1517688
1617305
1835270
1894016
42052
89995
123590
194223
283597
825904
886897
999790
1116125
1193848
1345161
1510707
1666451
1707754
1945708
2017442
2051417
156048
273539
290437
415073
457549
1020009
1125170
1174500
1438970
1688313
1716850
1732734
1770606
1787939
1954556
2042377
383748
563014
750143
798744
839093
1146215
1151264
1289661
1307747
1565388
1662104
1759405
1779171
1971973
202956
468592
690242
807366
897096
956636
960653
1024304
1033922
1115112
1303626
1329274
1473920
1485456
1494532
1553759
1583200
1597331
1861520
1949484
49666
188112
454283
504689
555668
567118
630468
821518
934302
1207858
1288525
1289183
1406255
1531869
1671867
1744319
1749241
1772962
1790492
1923825
1937400
1994878
75524
247607
355228
495779
518745
592478
674341
707402
844782
1405599
1422725
1473014
1552431
1776878
1780325
1951737
2067649
320555
423694
470130
620135
672807
759865
870561
952418
966504
995799
1084256
1106145
1118888
1295971
1507701
1565198
1629012
1668816
1763626
1773523
1996949
101849
356169
737540
966017
1123665
1277083
1563818
1594810
1697079
1808224
1814372
1943269
141488
208722
235690
280484
330309
376193
580903
959603
1153579
1167516
1581263
1717739
1834504
205024
491907
542480
752592
790509
931894
1137851
1192118
1240077
1243049
1293866
1314237
1657803
1659302
1800233
1895565
2056911
115611
190805
210390
255364
303216
836653
1164552
1209418
1250440
1259776
1419479
1507366
1931011
75600
381111
431219
620932
627585
825318
832538
860216
908705
963611
1081954
1137784
1184192
1540751
1825415
1879746
17992
83135
112369
144190
165416
203358
207129
587694
738848
904223
932969
1208914
1220632
1308876
1361580
1417568
1765530
1891446
1899432
187744
538949
573373
602525
702479
1060675
1115991
1377014
1485254
1662324
1719269
1761233
1865176
1946967
224484
230719
406020
410110
610441
784579
854475
881392
894604
1051912
1186158
1253026
1290033
1549390
1871211
1895189
1946888
109690
145601
391278
457862
830043
863467
962785
1235680
1470489
1483694
23408
49323
367684
794757
805719
817108
878973
879772
926751
1153367
1494248
1574218
1664909
1698830
2064956
126124
208866
244724
336315
479476
537889
710239
1217454
1429347
1448721
1480345
1723546
1781733
1794830
1827756
1957240
1978260
1989382
593237
680732
760950
817698
1045643
1212738
1560477
1567756
1661597
1698638
1706127
1760076
1969765
2068190
215964
249109
357677
642011
652400
898650
1095443
1300964
1457516
1511573
1548032
1573822
1795643
1823167
1920230
1989623
45505
144510
178486
231735
235125
248697
385899
480298
513429
527146
791143
796677
859582
868899
996496
1230464
1329313
1336735
2011161
2058439
47610
126174
167133
202187
310233
349758
475809
590313
768347
805515
824168
1019079
1052554
1064127
1255480
1522971
1633090
1783440
1800260
1835614
1933511
2004084
2012902
46774
62167
323718
385062
418977
681532
746596
796907
835717
922488
978587
1030991
1183456
1307158
1348432
1399187
1627312
1637062
1663403
1870849
1871356
18728
24947
135465
204588
302236
316379
374598
477523
564602
585831
1035671
1229424
1313998
1396209
1590464
1765728
1785394
1813205
1980776
1998853
83163
302652
326007
410966
415818
598233
955387
1008848
1136280
1180023
1254436
1313656
1456473
1525063
1946217
330614
459314
511940
558184
662237
830363
980833
1064746
1332552
1513102
1623146
1863646
1910554
1938267
61404
85722
94374
133855
176779
476353
764658
1058650
1453780
1561195
1668738
1710239
1766101
1855004
470937
567614
670357
705877
809070
828348
932093
1127900
1191252
1195844
1616207
1674181
1686326
1768807
1817328
1906573
222615
445495
572853
648362
982109
990371
1081074
1095139
1741546
1904448
1917456
159454
231816
290734
382398
872191
951747
961161
965557
1016691
1023189
1176154
1242064
1287590
1315027
1419032
1541837
1589149
1637674
1670232
1786640
6559
160640
306038
312888
569539
585802
603655
683602
860536
935812
966449
1001827
1158442
1384356
1589495
1734596
1831633
177335
288446
340835
550856
750408
783012
877201
904531
1265190
1360702
1428380
1532263
1758548
1853532
1871426
155726
200518
261255
457336
613246
662436
718547
802620
813822
816167
847160
1389000
1653286
1718799
1776523
1822599
1834006
1847762
1847952
17570
541096
579197
869125
870775
1009162
1023851
1207748
1215380
1536959
1571711
1835194
1949172
2000303
121216
289159
506161
572063
577280
614641
633079
740010
877021
906724
1063844
1199713
1213724
1225738
1589983
1654687
1801161
1887125
1936169
1970017
10700
71750
93158
343106
423390
527094
1554382
1665881
1725288
1755904
1836590
1937785
1973241
10339
10783
259668
582836
668382
772717
1047178
1101124
1129024
1204496
1332966
1394721
1396803
1460877
1468510
1504554
1516119
1677060
2061441
323466
366647
379284
656596
757208
879259
894123
946385
1056252
1347986
1376592
1518526
1625212
1774246
1842094
119882
449392
734948
763449
1275714
1325484
1373872
1387425
1456144
1588311
1775344
1846204
1867405
17477
321126
504684
511345
777857
815453
893694
983116
983532
1086868
1113237
1119081
1205289
1223262
1423381
1585412
70325
84790
151788
216485
405331
586506
589612
630587
672916
790225
1041440
1266487
1350850
1394748
1409255
1692817
1764858
1825007
1898896
1933024
1933659
36822
200516
486315
505872
527484
599674
684013
1011686
1012718
1080396
1149837
1160085
1241191
1317550
1521783
1569101
1569718
1604018
1675469
1711659
1759136
1881372
240932
373689
400146
602645
743852
783918
970260
974045
1151192
1187283
1403516
1428796
1447904
1530910
1590680
1675887
1746875
1783930
2053379
2065709
220713
232290
395676
398155
522038
598486
763263
1184064
1184428
1555723
1607973
1676732
1683294
1835554
1898942
1962910
2017868
115940
361226
722665
897138
912593
1087964
1097264
1184911
1485397
1683407
1903931
37957
241979
310133
352066
498933
731580
820520
829364
926495
1042556
1097732
1296078
1410889
1425496
1434691
1551246
1677850
1684474
1689050
1809539
1881773
1974682
81181
92824
152688
335773
468017
665868
950367
952912
954296
961759
998230
1002917
1075584
1255438
1443759
1545921
1756798
1874153
1897305
1935860
1981352
2005667
2038327
122979
183490
437612
464830
528458
625089
671184
940961
1251716
1261517
1290519
1308085
1459520
1478494
1963062
1966504
1994288
103310
148156
460835
506362
669827
723461
967516
985425
1051754
1130732
1192838
1612739
1762699
1809023
1898080
1958994
94512
293640
340915
689700
784366
827063
1032304
1314813
1331709
1472306
1511841
1596305
1625065
1800165
1888206
51482
317301
350603
421873
691856
1007501
1169994
1219789
1352784
1417727
1584443
1712565
1827735
1853424
2054445
238137
409605
427280
496837
648295
718295
1114653
1415102
1426821
1687855
1731278
1781673
1921701
166320
398910
699990
733032
1081983
1085023
1382980
1440668
49587
726557
764521
809042
883193
1023040
1072652
1109643
1201532
1272627
1275957
1321584
1370050
1524263
1550868
1594181
1652499
1679566
1698875
1809324
1913185
84512
107279
421907
557365
603875
736720
748717
921608
1274808
1275442
1425405
1495918
1599374
1740515
1829599
1901482
1947019
2008562
2012937
2035915
2052186
199359
207343
210142
216157
262722
416081
520765
544439
589574
784842
838762
980956
1076548
1161434
1315260
1461898
1473242
1683597
1810140
1841367
1935135
2001119
107173
108290
299612
300301
335319
830291
1104304
1156926
1485572
1485858
1689096
1889945
1907859
1936178
223417
267864
456008
597036
666588
1075439
1476356
1477205
1678455
1736222
1790075
1935847
2011291
2048443
54782
107275
135484
358269
458544
863727
987688
1052859
1139210
1365518
1417512
1751801
1873256
1951837
2004902
26132
101592
171789
199290
394191
465848
553375
723996
837722
935832
978932
1036218
1115369
1448144
1457027
1502910
1543307
1548266
1555602
1596134
1802209
1930327
2065313
18937
151913
262175
361689
425849
602947
639796
830353
934365
1053356
1159486
1318972
1359801
1446993
1639002
1719638
1879550
1995960
62340
129908
233744
494274
833138
967065
976388
1077798
1099072
1172115
1222109
1441017
1469261
1626394
1723321
1858166
565587
574384
624528
634216
717777
761893
919851
1297342
1405130
1415140
1464717
1669214
1814167
1919339
1995967
61371
64354
238612
403679
408551
492330
527656
1131818
1244505
1469085
1545941
1617963
1793909
1813247
417498
519289
525500
670511
880025
1086764
1172268
1237454
1339675
1497222
1691906
2008282
128444
235734
310369
355343
416868
499140
570226
711757
740318
760082
833303
922908
981993
1087220
1095963
1189949
1423041
1431947
1496849
1556828
1590978
1610739
1647921
1691878
1691975
1763015
1923632
1954471
191637
199305
584262
703205
789782
805349
903761
1022580
1054992
1139942
1405885
1446082
1455934
1708734
1710040
1795862
16793
19025
130318
892986
1023788
1141351
1208602
1271809
1353717
1383900
1472510
1608379
1682359
1752198
1884259
1953190
2020351
9377
144638
403049
585929
599486
646508
657680
758313
789150
874266
944148
968338
1129817
1146696
1149548
1692056
1693267
1708340
1754371
1828499
2042023
95760
161189
436350
456195
565317
910131
1030499
1280986
1299457
1432716
1437812
1610786
1642235
1661279
1739668
1796719
2058154
118218
263089
302576
454521
544541
686711
943500
1094889
1104604
1170659
1465885
1793645
1882252
1992988
15603
324158
632315
703521
721666
856758
940664
975444
1085351
1150500
1174290
1214014
1248321
1252222
1480221
1531690
1643363
1726795
1773568
1842539
1914828
2006692
23403
87354
214562
324477
443817
456028
473814
499613
725963
935777
1256346
1389588
1934131
2052023
61579
70816
158269
221390
229580
235020
291947
404956
466515
501789
545207
547109
567177
590650
666745
739147
854799
1618603
1663542
1664218
1808822
1970821
1972775
1991543
2031742
2052996
104380
192331
205787
277763
503344
612263
823360
1017348
1047395
1085923
1107889
1368336
1471701
1474295
1491390
1665210
1817787
1855805
1910690
1923076
2035320
107682
144091
281197
547550
1107929
1194385
1197573
1250201
1388294
1699621
1772773
2016819
8154
46746
201532
494730
502883
605600
661967
685927
876759
909485
1201107
1372599
1398406
1475986
1570288
1731245
1749491
1961445
127567
138392
334982
871842
953816
954399
1037442
1331172
1453672
1533551
1629627
32179
111291
155052
666015
808360
850024
897360
907435
944516
1004235
1121062
1242442
1724475
1983840
212142
228981
232456
235153
274976
490779
563858
639987
724240
855371
932322
944114
966711
1338033
1401538
1493302
1521789
1607080
1717706
1730539
1730907
1781490
2043166
83577
127490
218527
1289930
1368181
1461086
1488799
2066245
182953
399688
1211901
1219704
1499847
1515325
1673325
1687811
1704279
1791231
1996384
76225
95217
281095
514578
529844
972891
1032259
1065373
1187825
1232383
1248891
1323401
1422871
1474166
1576608
1632061
1646043
1664557
1934116
322071
605377
709802
1016172
1138093
1288153
1407444
1435157
1486215
1851715
1884508
1973792
1987218
93107
119034
214013
677512
701334
792325
953255
1094539
1236621
1301974
1392895
1516078
1554582
1591512
1652312
1850815
2064238
28103
263429
418053
647431
654705
726428
897350
1290799
1353870
1575645
1759539
1891628
15001
363213
478239
800219
821860
1349935
1407673
1726685
2046361
263528
420087
463565
607223
666267
1146516
1161015
1445651
1536088
1979710
1980531
2015778
121479
140577
492093
673941
851310
1311928
1572443
1905871
2068813
12852
52335
114646
214214
256294
691207
769504
1204548
1237073
1357686
1416617
1449892
1490476
1626768
1696966
1828308
1891835
2023631
167508
244976
470850
502171
642753
979240
1269557
1425010
1508416
1568215
1711309
1728943
1747491
2038338
68324
93608
108119
123253
190654
315667
355793
370979
410619
525014
570981
602585
792782
805816
839881
888350
1128368
1174491
1301783
1352021
1405263
1765628
1767509
1995285
2059083
83642
266334
270881
301048
356708
360640
410275
703000
819475
839645
997108
1162565
1218222
1363648
1403807
1520309
1711632
1738267
1764113
1774713
1798999
1819169
1922927
2067937
203489
613348
1021566
1129545
1160058
1185512
1321062
1393575
1484505
1867491
91520
327101
350583
633608
785506
835444
921572
923070
1012508
1069613
1089802
1251799
1383564
1508389
1518169
1580129
1595718
1625203
1757968
2047390
3857
134218
446454
528576
541120
675546
693913
796836
808844
953794
1051116
1070908
1104927
1194796
1601677
1635232
1756671
1825553
1865398
1939896
2026508
2057547
279639
298166
412271
414810
465900
474917
478234
714287
1098735
1159787
1436523
1482180
1879132
1918248
1942201
39146
158871
180694
373393
452847
1013946
1021468
1042234
1113558
1126912
1180372
1376260
1505074
1602027
1746457
1841612
1992628
2057000
24460
132202
238881
310309
531435
569321
581737
960704
1074093
1078555
1087961
1392207
1510928
1572758
1610439
1674346
150593
153657
235552
272270
332244
632795
823131
1026782
1088452
1109242
1259545
1295348
1757194
1774444
1778903
1793118
1820234
1827583
1908260
44804
344629
469795
520802
531082
606080
692206
710543
913423
914973
1234993
1328462
1439320
1710775
1783344
16898
35579
54730
75803
95318
419183
587422
592088
654773
705195
852498
975542
989679
993496
1146711
1279332
1308617
1379737
1422062
1502233
1591728
1741797
1755792
1846385
2035322
61917
267153
268457
332435
427547
499802
649848
734428
837030
857658
1023072
1318590
1389887
1454463
1597036
1644986
1851664
125698
233563
394152
398587
434539
442769
497587
599035
647454
808041
872054
1006579
1158811
1300332
1301427
1302660
1309263
1350674
1366597
1407632
1591654
1796508
1917569
349162
435329
450780
536029
802026
834261
911638
953136
966365
1094132
